92.134 -22.611 83.129 -77.556 80.051 -5.325 21.111 85.977 4.611 -93.284 90.374 20.144 39.761 20.083
-4.176 16.231 84.386 -61.374 -56.722 -90.122 -12.811 79.308 18.446 94.173 -41.476
33.963 17.089 -78.922 -37.702 76.084 4.694 -31.782 50.663 92.968 89.327 -58.160
-28.644 -46.222 82.667 53.190 -7.791 67.533 -41.984 -20.038 58.571 -43.625 -49.269 -44.255 -71.015 35.905
-44.146 -38.375 -80.826 -13.398 45.428 57.928 87.571 16.624 28.652 38.455 23.118 43.982 -49.523 -4.218 -17.853 -62.734 88.541 -37.274
-37.071 -18.937 -3.491 -1.620 73.564 -15.396 28.835 1.064 -94.760 20.601 22.046 51.102
-82.456 62.282 91.840 -19.514 -63.736 -18.670 33.845 -66.020 -29.962 -68.287 -36.106 -3.117 10.596
81.636 -58.185 -7.588 -87.504 -85.708 -66.436 83.292 85.939 -9.037 65.232
54.597 27.805 -78.474 -32.959 -38.154 -39.535 92.080 17.859 88.702 33.230
35.842 -26.256 17.540 -59.058 -59.404 33.805 -54.942 11.823 -48.051 -50.367 78.770 -83.131 -82.674 55.714 54.452 -65.277
-85.303 -27.152 -77.608 -74.511 -56.157 -82.647 -99.176 -58.734 -40.798 84.158
-62.763 49.361 -18.239 -32.224 55.900 31.793 57.777 48.665 83.268 55.439 84.348 65.609 -6.608 -21.993
35.094 -33.250 -15.572 56.854 15.603 2.917 -96.607 21.314 84.386 33.175 -54.424 -52.899 58.356 10.792 40.328
-80.221 -89.593 -42.608 69.704 74.330 -92.406 -57.969 44.933 41.542 75.219 -13.709 29.220 91.159 -46.953
27.551 -44.403 -56.163 39.157 -17.112 -93.197 -77.014 -59.531 -74.792 47.551 -14.565 -8.547 16.361 -73.926
6.873 -4.927 84.275 55.614 35.960 -20.316 18.846 95.466 -34.065 -28.770 73.337 -48.031 -22.545 -33.930 -41.753 -12.927
-63.966 96.812 -37.736 19.849 99.424 18.329 -63.591 17.217 72.803 99.140 55.827
-87.397 64.767 2.412 -76.450 71.464 29.079 0.435 45.224 74.582 64.300 89.387 11.739 -72.860 76.562 73.147 -43.266 98.624 30.492
83.503 86.792 -42.867 -60.876 20.439 42.340 100.853 -13.238 81.777 75.246 -99.870 74.315 40.655 -89.170
35.328 -33.168 12.824 -67.906 56.879 70.672 -95.502 15.217 -41.132 -88.195 56.771 27.948
